%constant
g=175881998755.578;%rad/(s.T)
e=1.60200000000000e-19;%[C]
mu_0=1.25663706143592e-06;%T.m/A
mu_b=9.27400000000000e-21;%erg/G
hbar=6.58211971233181e-16;%eV.s
gyro=2.8025e4;%MHz/T,gyromagnetic ratio
kb=1.38e-23;%[J/K]boltzman constant

